Some((
    red: 0.87341774,
    green: 0.87341774,
    blue: 0.87341774,
))
